0.0 0.0 0.05343747138977051
-0.000612589610601937 4.410399912325516e-06 0.10072445869445801
-0.0033661652558145067 0.0001821483577611544 0.14573240280151367
-0.00696696515442036 0.0008529133022300515 0.17698073387145996
-0.00996507588197382 0.0019194270602404017 0.20757436752319336
-0.01103213659625204 0.002482819696758271 0.25014162063598633
-0.01030855431725413 0.0017565972659839908 0.2807180881500244
-0.0077973690330381375 -0.0018162092571139279 0.32084178924560547
-0.004495390117794825 -0.009029776035842896 0.36304593086242676
-0.0018619968983415646 -0.019114950419929805 0.4008352756500244
-0.0006330982805424657 -0.032093806695683194 0.44318079948425293
-0.0011981612444216113 -0.04719234327639888 0.4808485507965088
-0.00370644707792195 -0.06394408577381401 0.5216634273529053
-0.008112354556534848 -0.08195212046508842 0.5634050369262695
-0.014402130058507765 -0.10111706943318914 0.6056513786315918
-0.02232405585829316 -0.1208076150378087 0.6361021995544434
-0.03159785671847708 -0.1405397951645468 0.667464017868042
-0.0422960044523055 -0.16067093286177853 0.7036001682281494
-0.05419431802396302 -0.18097822771611818 0.7454221248626709
-0.0671814351341957 -0.20144515579908706 0.8150265216827393
-0.0807603387296261 -0.22152048888721176 0.8788342475891113
-0.09473014567559335 -0.24122035074892925 0.9359853267669678
-0.10908138646276534 -0.2606344202859691 0.9927525520324707
-0.12391818333451118 -0.2798884854532015 1.0308291912078857
-0.1392626337151101 -0.2989019777675703 1.0754258632659912
-0.15496940305110218 -0.3174167840926776 1.117563247680664
-0.17114869724338208 -0.33551994677900715 1.154815435409546
-0.1879438562841229 -0.3532751471158021 1.1991462707519531
-0.2052444123514533 -0.3705050015457429 1.2394590377807617
-0.2230201069026718 -0.38720980936621807 1.2699682712554932
-0.24115805663039505 -0.4032907620821408 1.3007948398590088
-0.25955657923818604 -0.4187395409396384 1.331265926361084
-0.27826267360783496 -0.43368916654289674 1.362729787826538
-0.29697305325430295 -0.4480092411853286 1.3930866718292236
-0.31543056723645185 -0.4617326293946355 1.4308295249938965
-0.3336192349981575 -0.47505998663064836 1.4706752300262451
-0.35128124687264545 -0.4879366832362204 1.5185751914978027
-0.36831348529184466 -0.5004436768608743 1.5589463710784912
-0.38468689728240096 -0.5127115335824358 1.5956194400787354
-0.40047638880181374 -0.5248523068501766 1.6376147270202637
-0.4156037734712224 -0.5367950498259637 1.6757111549377441
-0.4300665798615889 -0.5485000858862966 1.722843885421753
-0.4438207469343591 -0.5598805959141672 1.7601306438446045
-0.45688806451314745 -0.5709315440387526 1.801576852798462
-0.46932133436492396 -0.5816847120764621 1.8408405780792236
-0.48114803933273403 -0.5921116364644351 1.8812682628631592
-0.4923656556726002 -0.6021716377722123 1.9252500534057617
-0.5031802048910867 -0.6120100612357349 1.9686527252197266
-0.5134835186562958 -0.6214707052552794 2.0076589584350586
-0.5234336222461913 -0.6306656423918273 2.047696590423584
-0.5332215881794289 -0.6397177963539986 2.085577964782715
-0.5427901810251753 -0.6485270424802811 2.1208138465881348
-0.5520768555930771 -0.6569987298187002 2.165355682373047
-0.5612893427188009 -0.6652949468975823 2.207831382751465
-0.5703754353719137 -0.673349523436056 2.2407612800598145
-0.5791309257600307 -0.6810190379344081 2.2790307998657227
-0.5875574723208824 -0.6883667504070522 2.323195457458496
-0.5956392708949458 -0.6954107263503239 2.365610361099243
-0.6036219620932662 -0.7023890910098258 2.3969268798828125
-0.6114725649305642 -0.7092679463674109 2.4276397228240967
-0.6192031234589512 -0.7160394920769192 2.4581053256988525
-0.6267663225518774 -0.7226444914939293 2.488765239715576
-0.6340481932497414 -0.7289865530730392 2.5234487056732178
-0.6410988778920604 -0.7351097268564077 2.565916061401367
-0.6479697015662216 -0.7410626861163082 2.596971035003662
-0.6545819786339416 -0.746774310055747 2.6354494094848633
-0.660885736334681 -0.7522243340105133 2.6748363971710205
-0.6668899767360232 -0.7574323473772858 2.7122151851654053
-0.6725474204324426 -0.7623748474875542 2.749356508255005
-0.6778626611860447 -0.7670702213406954 2.7929799556732178
-0.6827821960169808 -0.7714718876669593 2.8362009525299072
-0.6873250818049886 -0.7756051244656577 2.8748276233673096
-0.6916116739186039 -0.7795762364950776 2.9157216548919678
-0.6956871831244529 -0.7834051967774919 2.9581458568573
-0.6996391346042914 -0.7871533928787996 2.999915361404419
-0.7035147135842346 -0.790839446846634 3.0353105068206787
-0.7072769643466557 -0.7944053195775156 3.0790741443634033
-0.7111225901807587 -0.7980201486958932 3.1230530738830566
-0.7147570446603528 -0.8013950820625502 3.1608378887176514
-0.7181578081547562 -0.8045311027660855 3.2008321285247803
-0.7213798438659931 -0.8074959935908192 3.2452449798583984
-0.724479053096244 -0.8103507862612638 3.2852582931518555
-0.7275511120733321 -0.813182887380697 3.325462818145752
-0.7305112657201523 -0.8159104225806062 3.3630504608154297
-0.7333830924166415 -0.8185541637119801 3.403358221054077
-0.7362410049157001 -0.8211782248567783 3.449035167694092
-0.7390534537683431 -0.8237472658459704 3.4893150329589844
-0.7418939812540463 -0.8263204503632943 3.5327835083007812
-0.744786981430938 -0.8289116527222709 3.570797920227051
-0.7477507809974812 -0.831529609042343 3.6128809452056885
-0.7506673685377676 -0.8340703839043326 3.644554376602173
-0.7534897832345746 -0.8365039705392849 3.6878135204315186
